,City,Cloudiness,Country,Date,Humidity,Lat,Lng,Max Temp,Wind Speed
0,ambovombe,86,MG,1580273648,77,-25.17,46.08,78.37,7.16
1,cap-aux-meules,100,CA,1580273648,83,47.38,-61.86,24.8,17.6
2,abu samrah,0,IN,1580273413,31,24.6,72.7,69.8,3.65
3,nikolskoye,90,RU,1580273649,86,59.7,30.79,30.2,13.42
4,mar del plata,90,ES,1580273649,87,43.4,-4.01,51.01,6.93
5,cherskiy,100,RU,1580273497,98,68.75,161.3,-23.42,4.16
6,kahului,20,US,1580273449,57,20.89,-156.47,78.8,5.82
7,atuona,39,PF,1580273649,80,-9.8,-139.03,80.82,15.05
8,dzemul,75,MX,1580273649,83,21.2,-89.3,75.99,4.7
9,albany,90,US,1580273424,73,42.6,-73.97,32.0,9.17
10,nioro,47,GM,1580273649,39,13.35,-15.75,66.72,1.57
11,matara,63,LK,1580273650,48,5.95,80.54,87.51,5.99
12,cairns,75,AU,1580273650,88,-16.92,145.77,80.6,3.36
13,yellowknife,90,CA,1580273461,76,62.46,-114.35,-5.01,4.7
14,port lincoln,100,CD,1580273650,92,-7.03,29.76,70.03,8.16
15,punta arenas,47,PH,1580273650,70,8.99,125.34,83.93,8.66
16,northam,39,GB,1580273650,76,51.03,-4.22,45.0,5.99
17,nemuro,75,JP,1580273650,74,43.32,145.57,30.2,10.29
18,dandong,96,CN,1580273403,56,40.13,124.39,34.21,13.96
19,guadalupe y calvo,5,MX,1580273507,29,25.68,-100.25,66.2,12.75
20,bluff,98,NZ,1580273650,83,-46.6,168.33,57.0,14.0
21,rikitea,100,PF,1580273422,76,-23.12,-134.97,79.63,4.03
22,hilo,1,US,1580273555,69,19.73,-155.09,75.99,5.82
23,hasaki,20,JP,1580273445,63,35.73,140.83,64.99,8.05
24,ramsar,40,IR,1580273651,57,36.92,50.64,39.2,2.24
25,buchanan,3,LR,1580273651,95,5.88,-10.05,74.97,3.11
26,sokolo,81,ML,1580273651,5,14.73,-6.12,67.42,9.06
27,kaitangata,100,NZ,1580273451,79,-46.28,169.85,57.0,18.01
28,sao joao da barra,5,IN,1580273651,50,20.51,76.21,71.94,7.25
29,cape town,0,CL,1580273651,48,-36.41,-71.9,60.8,13.87
30,pisco,90,PE,1580273651,83,-13.7,-76.22,75.99,9.17
31,faya,75,SA,1580273651,87,18.39,42.45,53.6,9.17
32,ushuaia,75,AR,1580273652,75,-54.8,-68.3,42.8,23.04
33,busselton,16,AU,1580273652,28,-33.65,115.33,84.0,14.41
34,mataura,98,NZ,1580273652,83,-46.19,168.86,57.0,14.0
35,klaksvik,2,FO,1580273652,71,62.23,-6.59,32.0,2.24
36,port alfred,100,CD,1580273650,92,-7.03,29.76,70.03,8.16
37,lichinga,95,MZ,1580273652,84,-13.31,35.24,73.65,3.38
38,salalah,0,OM,1580273652,20,17.02,54.09,66.2,14.99
39,leningradskiy,100,RU,1580273652,97,69.38,178.42,-3.57,5.53
40,coquimbo,90,CL,1580273652,88,-29.95,-71.34,64.4,3.36
41,sola,67,VU,1580273458,79,-13.88,167.55,82.33,15.68
42,fengcheng,99,CN,1580273652,57,40.45,124.07,26.4,9.28
43,port hawkesbury,100,CD,1580273650,92,-7.03,29.76,70.03,8.16
44,sabla,0,NG,1580273653,9,12.75,4.71,63.54,10.74
45,port moresby,100,CD,1580273653,92,-7.03,29.76,70.03,8.16
46,athabasca,32,CA,1580273627,86,54.72,-113.29,14.79,5.01
47,kirakira,69,SB,1580273653,78,-10.45,161.92,81.86,1.72
48,pevek,100,RU,1580273435,97,69.7,170.31,-15.09,11.43
49,srednekolymsk,0,RU,1580273653,93,67.45,153.68,-30.96,8.81
50,luwingu,100,ZM,1580273653,97,-10.26,29.93,64.89,1.63
51,coihaique,20,CL,1580273654,87,-45.58,-72.07,44.6,3.36
52,burnie,11,AU,1580273466,50,-41.07,145.92,77.0,8.01
53,ponta do sol,85,PT,1580273655,92,38.73,-28.27,59.14,21.47
54,luderitz,0,NA,1580273655,79,-26.65,15.16,64.85,25.34
55,kodinsk,100,RU,1580273655,89,58.69,99.18,20.86,3.91
56,grand gaube,90,US,1580273635,92,38.88,-109.5,33.01,2.48
57,kavadarci,75,MK,1580273655,100,41.43,22.01,39.99,4.99
58,dikson,97,RU,1580273655,94,73.51,80.55,-20.69,13.38
59,bambous virieux,40,MU,1580273655,78,-20.26,57.41,80.01,2.68
60,saint-francois,75,FR,1580273655,81,46.42,3.91,45.0,10.29
61,saint-augustin,0,CA,1580273449,89,51.23,-58.65,8.64,9.66
62,severo-kurilsk,93,RU,1580273656,92,50.68,156.12,21.72,4.27
63,jagadhri,62,IN,1580273639,68,30.17,77.3,62.02,6.11
64,tagusao,34,PH,1580273656,64,9.19,117.81,84.58,8.7
65,avarua,43,CK,1580273656,88,-21.21,-159.78,78.8,3.36
66,shingu,75,JP,1580273656,66,33.73,135.98,55.4,14.99
67,tuktoyaktuk,90,CA,1580273656,68,69.45,-133.04,-16.6,6.93
68,norman wells,90,US,1580273569,88,35.22,-97.44,35.01,16.11
69,revda,20,RU,1580273656,83,56.8,59.93,-13.0,6.71
70,kapaa,1,US,1580273434,64,22.08,-159.32,78.8,5.82
71,gaiceana,75,RO,1580273656,100,46.33,27.22,36.0,14.99
72,khilok,13,RU,1580273656,79,51.37,110.47,16.9,3.96
73,pitogo,47,PH,1580273657,78,13.78,122.09,78.6,9.84
74,barrow,1,US,1580273438,67,71.29,-156.79,-27.4,5.82
75,kavaratti,20,IN,1580273657,66,10.57,72.64,84.2,4.7
76,butaritari,100,KI,1580273434,80,3.07,172.79,82.49,11.1
77,nanortalik,35,GL,1580273449,63,60.14,-45.24,23.36,17.52
78,vestmanna,40,FO,1580273657,82,62.16,-7.17,32.0,2.24
79,alugan,23,PH,1580273657,77,12.22,125.48,81.12,4.79
80,sambava,71,MG,1580273441,61,-14.27,50.17,85.75,0.87
81,vaini,40,TO,1580273447,88,-21.2,-175.2,82.4,5.82
82,sur,0,OM,1580273657,36,22.57,59.53,68.81,9.48
83,caluquembe,96,AO,1580273657,90,-13.78,14.68,63.36,1.63
84,sinnamary,95,GF,1580273515,82,5.38,-52.95,80.04,17.81
85,tumut,0,AU,1580273658,16,-35.3,148.22,92.19,6.62
86,tasiilaq,99,GL,1580273434,86,65.61,-37.64,30.2,31.09
87,taoudenni,0,ML,1580273658,32,22.68,-3.98,59.94,10.31
88,aklavik,90,CA,1580273658,74,68.22,-135.01,-23.8,0.67
89,sao filipe,5,IN,1580273658,50,20.51,76.21,71.94,7.25
90,arraial do cabo,2,BR,1580273658,83,-22.84,-46.65,75.0,6.93
91,ahipara,100,NZ,1580273658,84,-35.17,173.17,82.0,10.56
92,airai,77,TL,1580273658,62,-8.93,125.41,82.98,3.11
93,iqaluit,5,CA,1580273445,60,63.75,-68.51,-27.0,9.17
94,port elizabeth,100,CD,1580273653,92,-7.03,29.76,70.03,8.16
95,sidi ali,74,CF,1580273659,26,5.08,19.88,70.56,3.98
96,jamestown,90,US,1580273546,85,42.1,-79.24,30.99,6.93
97,hobart,48,AU,1580273659,28,-42.88,147.33,84.0,16.11
98,perchtoldsdorf,50,AT,1580273659,74,48.12,16.26,36.0,8.05
99,georgetown,20,MY,1580273446,66,5.41,100.34,89.6,8.05
100,mehamn,21,NO,1580273659,78,71.04,27.85,15.8,14.99
101,samarai,35,PG,1580273660,61,-10.62,150.67,87.31,7.16
102,new norfolk,36,LR,1580273380,97,6.65,-10.59,73.94,2.82
103,hermanus,94,ZA,1580273421,95,-34.42,19.23,64.0,5.01
104,upernavik,57,GL,1580273661,95,72.79,-56.15,-14.42,7.23
105,victoria,1,HK,1580273538,41,22.29,114.16,62.01,10.29
106,thompson,90,CA,1580273425,85,55.74,-97.86,10.4,5.82
107,lebu,0,CL,1580273449,81,-37.62,-73.65,50.38,7.07
108,provideniya,4,RU,1580273661,63,64.38,-173.3,-7.6,4.47
109,santarem,40,BR,1580273661,94,-2.44,-54.71,73.4,4.7
110,asau,75,RO,1580273662,100,46.43,26.4,39.0,14.99
111,halifax,90,CA,1580273559,100,44.65,-63.57,30.0,14.99
112,farafangana,18,MG,1580273460,76,-22.82,47.83,79.02,10.74
113,emerald,40,AU,1580273662,52,-23.53,148.17,91.4,6.93
114,sidney,75,AU,1580273536,69,-33.87,151.21,86.0,13.87
115,samarskoye,75,RU,1580273662,100,46.93,39.68,39.2,13.42
116,carnarvon,29,AU,1580273433,74,-24.87,113.63,80.6,23.04
117,saint-philippe,8,RE,1580273438,61,-21.36,55.77,81.0,8.05
118,ilulissat,100,GL,1580273509,59,69.22,-51.1,1.4,9.17
119,jaipur hat,20,IN,1580273414,45,26.92,75.82,62.6,3.36
120,ardmore,90,US,1580273663,93,34.17,-97.14,42.8,8.05
121,narsaq,31,GL,1580273663,72,60.92,-46.05,12.2,3.74
122,saldanha,59,ZA,1580273427,82,-33.01,17.94,66.2,11.41
123,faanui,71,PF,1580273663,70,-16.48,-151.75,83.48,3.69
124,ebeltoft,80,DK,1580273663,93,56.19,10.68,37.4,6.93
125,astana,20,KZ,1580273663,76,51.18,71.45,-11.2,11.18
126,lata,75,PT,1580273663,93,40.16,-8.33,57.99,4.7
127,moroto,100,UG,1580273663,91,2.53,34.67,64.8,6.49
128,souillac,40,MU,1580273663,78,-20.52,57.52,80.01,2.68
129,saint-georges,20,GD,1580273664,88,12.06,-61.75,77.0,4.7
130,chokurdakh,97,RU,1580273437,97,70.63,147.92,-20.16,10.02
131,kyshtovka,92,RU,1580273664,93,56.55,76.63,-4.14,10.8
132,chuy,15,UY,1580273664,87,-33.7,-53.46,69.22,12.73
133,yar-sale,100,RU,1580273664,92,66.83,70.83,-6.45,17.98
134,sidhi,33,IN,1580273664,50,24.42,81.88,70.0,4.34
135,nileshwar,20,IN,1580273664,78,12.25,75.1,80.6,4.7
136,chumikan,0,RU,1580273664,70,54.72,135.31,9.25,8.68
137,dongying,100,CN,1580273664,89,37.46,118.49,34.38,3.71
138,arosa,90,CH,1580273665,92,46.78,9.68,36.0,3.36
139,castro,60,BR,1580273459,98,-24.79,-50.01,64.09,4.72
140,college,1,US,1580273454,73,64.86,-147.8,-22.0,4.92
141,saskylakh,96,RU,1580273430,98,71.92,114.08,-12.23,5.88
142,libreville,40,GA,1580273665,94,0.39,9.45,78.8,3.36
143,bengkulu,100,ID,1580273665,94,-3.8,102.27,70.88,9.08
144,shellbrook,90,CA,1580273665,92,53.22,-106.4,23.0,3.36
145,puerto ayora,90,ES,1580273666,100,36.59,-6.23,50.0,2.24
146,bredasdorp,95,ZA,1580273666,88,-34.53,20.04,66.2,4.61
147,waingapu,64,ID,1580273666,75,-9.66,120.26,85.17,15.05
148,esperance,45,AU,1580273509,69,-33.87,121.9,75.2,8.05
149,tsiroanomandidy,65,MG,1580273666,82,-18.77,46.03,76.82,1.86
150,mahajanga,75,MG,1580273451,94,-15.72,46.32,78.8,4.7
151,springdale,90,US,1580273667,100,36.19,-94.13,42.01,9.17
152,saint-pierre,9,RE,1580273667,61,-21.34,55.48,81.0,8.05
153,isangel,75,VU,1580273501,66,-19.55,169.27,86.0,3.36
154,vila,90,PT,1580273499,100,42.03,-8.16,60.01,6.93
155,ghanzi,0,BW,1580273668,52,-21.57,21.78,77.2,13.71
156,laguna,1,US,1580273425,87,38.42,-121.42,53.6,2.3
157,bethel,75,US,1580273668,70,41.37,-73.41,37.0,9.17
158,krutikha,100,RU,1580273668,93,53.96,81.21,-3.96,13.38
159,sakaraha,11,MG,1580273668,64,-22.9,44.53,79.5,4.05
160,hithadhoo,88,MV,1580273423,79,-0.6,73.08,81.3,12.71
161,korla,0,CN,1580273668,83,41.76,86.15,30.0,3.24
162,vredendal,49,ZA,1580273668,73,-31.67,18.5,65.93,1.32
163,oskemen,75,KZ,1580273668,78,49.96,82.61,10.4,4.47
164,beira,75,MZ,1580273669,78,-19.84,34.84,80.6,4.7
165,padang,100,ID,1580273669,67,-0.95,100.35,76.77,3.29
166,tahoua,57,NE,1580273669,11,14.89,5.27,64.4,2.24
167,longyearbyen,75,SJ,1580273669,71,78.22,15.64,6.8,14.99
168,ribeira grande,75,ES,1580273669,93,42.75,-8.44,57.0,8.05
169,nsoko,47,SZ,1580273669,88,-27.03,31.95,68.0,2.24
170,gobabis,0,NA,1580273669,16,-22.45,18.97,73.35,1.32
171,vikulovo,18,RU,1580273669,94,56.82,70.61,-8.59,7.4
172,pitimbu,75,BR,1580273669,83,-7.47,-34.81,78.8,6.93
173,rio gallegos,75,GR,1580273669,82,38.3,21.78,55.4,6.93
174,dwarka,0,IN,1580273670,45,22.24,68.97,69.51,8.55
175,kelvington,94,CA,1580273670,96,52.17,-103.53,16.75,5.46
176,warrington,75,GB,1580273670,80,53.39,-2.58,42.01,19.46
177,san lorenzo,100,ML,1580273643,6,13.3,-4.9,67.39,7.83
178,hamilton,90,US,1580273431,85,39.18,-84.53,34.0,3.58
179,dingle,60,PH,1580273454,61,11.0,122.67,86.47,7.11
180,virginia beach,1,US,1580273670,92,37.55,-77.45,34.0,4.27
181,neiafu,40,TO,1580273445,79,-18.65,-173.98,84.2,5.82
182,kashi,20,CN,1580273670,50,39.45,75.98,28.4,6.71
183,sacalum,75,MX,1580273671,83,20.48,-89.58,75.99,4.7
184,krasnoselkup,97,RU,1580273671,96,65.7,82.47,-5.03,10.49
185,shirokiy,35,RU,1580273671,89,49.76,129.52,3.4,7.83
186,boyolangu,94,ID,1580273671,66,-8.12,111.89,87.82,5.14
187,changji,37,CN,1580273671,92,44.02,87.32,17.6,8.95
188,sorong,80,ID,1580273671,54,-0.88,131.25,90.32,6.73
189,gursarai,0,IN,1580273671,45,25.61,79.18,71.08,6.58
190,mitake,40,JP,1580273671,51,35.42,137.13,59.0,11.41
191,miri,75,MY,1580273425,74,4.41,114.01,87.8,12.75
192,ryotsu,90,JP,1580273671,100,38.08,138.43,46.4,4.7
193,tura,23,IN,1580273672,38,25.52,90.22,78.53,2.59
194,east london,75,IS,1580273672,95,65.0,-15.0,32.0,8.05
195,dunedin,100,NZ,1580273414,92,-45.87,170.5,56.77,26.22
196,kloulklubed,75,PW,1580273672,70,7.04,134.26,84.2,9.17
197,pangnirtung,8,CA,1580273500,89,66.15,-65.71,-30.1,3.22
198,nishihara,75,JP,1580273434,67,26.18,127.76,62.6,16.11
199,kaseda,75,JP,1580273631,47,31.42,130.32,55.4,6.93
200,dodoma,100,TZ,1580273673,92,-6.17,35.74,66.85,0.96
201,turukhansk,100,RU,1580273674,94,65.82,87.98,4.87,6.2
202,adrar,0,MR,1580273674,26,20.5,-10.07,66.22,12.35
203,valparaiso,40,CL,1580273674,88,-33.04,-71.63,62.6,3.36
204,davidson,90,US,1580273674,86,36.15,-86.78,39.0,3.36
205,muroto,20,JP,1580273674,44,33.28,134.15,60.8,18.34
206,okato,98,NZ,1580273674,80,-39.2,173.88,70.0,14.0
207,mys shmidta,100,RU,1580273675,93,62.06,48.62,-1.84,4.76
208,grand island,90,US,1580273635,92,38.88,-109.5,33.01,2.48
209,mnogovershinnyy,0,RU,1580273675,81,53.94,139.92,3.42,3.56
210,nantucket,90,US,1580273446,59,41.28,-70.1,37.4,8.05
211,port hardy,100,CD,1580273653,92,-7.03,29.76,70.03,8.16
212,mandalgovi,0,MN,1580273675,76,45.76,106.27,13.68,10.63
213,teguldet,100,RU,1580273675,92,57.31,88.17,22.84,7.11
214,egvekinot,100,RU,1580273675,81,66.32,-179.17,-5.87,1.41
215,poum,5,NC,1580273463,81,-20.23,164.02,79.07,16.08
216,melfort,90,CA,1580273676,92,52.87,-104.62,19.4,5.82
217,morehead,90,US,1580273448,83,37.27,-87.18,35.01,3.36
218,acarau,69,BR,1580273676,100,-2.89,-40.12,77.0,3.2
219,knysna,40,ZA,1580273469,88,-34.04,23.05,62.6,6.93
220,saint-leu,5,RE,1580273676,61,-21.15,55.28,81.0,8.05
221,reconquista,49,AR,1580273676,56,-29.15,-59.65,75.0,3.06
222,cayenne,75,GF,1580273644,83,4.93,-52.33,80.6,5.82
223,leshukonskoye,4,RU,1580273676,93,64.9,45.76,-7.67,3.67
224,bathsheba,75,BB,1580273466,78,13.22,-59.52,78.8,17.22
225,qaanaaq,100,GL,1580273452,93,77.48,-69.36,-15.27,2.8
226,mizdah,0,LY,1580273676,72,31.45,12.98,45.93,1.21
227,teknaf,0,BD,1580273677,26,20.86,92.31,84.04,4.43
228,agadez,100,NE,1580273677,17,19.75,10.25,64.0,8.3
229,puerto del rosario,90,ES,1580273677,100,36.59,-6.23,50.0,2.24
230,loreto,0,MX,1580273411,42,22.27,-101.97,49.93,6.02
231,port hueneme,100,CD,1580273653,92,-7.03,29.76,70.03,8.16
232,kodiak,90,US,1580273455,79,57.79,-152.41,24.8,27.51
233,khatanga,97,RU,1580273438,98,71.97,102.5,-14.12,3.71
234,kiunga,71,PG,1580273677,55,-6.12,141.29,92.48,4.81
235,lagoa,26,PT,1580273428,87,39.05,-27.98,62.38,23.67
236,carauari,97,BR,1580273677,98,-4.88,-66.9,73.26,1.43
237,bayan,83,CN,1580273678,83,46.08,127.4,17.69,4.72
238,glazunovka,79,RU,1580273678,97,52.5,36.33,30.87,9.33
239,turkeve,73,HU,1580273678,82,47.1,20.75,37.4,11.41
240,jiangyou,0,CN,1580273636,44,31.77,104.72,45.99,4.97
241,abha,75,SA,1580273678,87,18.22,42.51,53.6,9.17
242,vostok,38,RU,1580273502,86,46.49,135.88,19.42,3.15
243,bandarbeyla,5,SO,1580273678,72,9.49,50.81,73.83,20.92
244,magaria,0,NE,1580273679,10,13.0,8.91,57.72,8.43
245,katsuura,20,JP,1580273679,67,35.13,140.3,64.99,11.41
246,grand river south east,90,US,1580273679,92,38.88,-109.5,33.01,2.48
247,luanda,75,AO,1580273679,83,-8.84,13.23,80.6,5.82
248,bandundu,61,CD,1580273679,70,-3.32,17.37,75.81,3.15
249,zile,75,TR,1580273679,86,40.3,35.89,39.2,1.12
250,alofi,55,NU,1580273679,74,-19.06,-169.92,86.0,4.7
251,kamyaran,96,IR,1580273680,54,34.8,46.94,32.0,4.7
252,nabire,56,ID,1580273680,59,-3.37,135.48,86.83,6.08
253,turka,100,UA,1580273680,85,49.15,23.03,36.0,5.01
254,dicabisagan,63,PH,1580273681,83,17.08,122.42,75.0,10.92
255,praia,39,CV,1580273681,64,14.92,-23.51,71.6,13.87
256,obo,13,CF,1580273681,18,5.4,26.49,70.27,6.04
257,nosy varika,75,PL,1580273681,80,51.99,20.8,37.99,6.93
258,teeli,41,RU,1580273681,59,51.03,90.23,13.1,4.97
259,babstovo,18,RU,1580273681,86,48.12,132.48,9.61,3.74
260,nueva italia,75,EC,1580273681,78,-1.72,-79.83,80.6,3.36
261,clyde river,90,US,1580273681,85,41.3,-82.98,33.8,3.89
262,lavrentiya,0,RU,1580273647,66,65.58,-171.0,-12.8,8.23
263,beringovskiy,98,RU,1580273682,94,63.05,179.32,1.42,2.57
264,alihe,0,CN,1580273682,64,50.57,123.72,17.69,1.81
265,gavle,100,SE,1580273682,96,60.67,17.14,36.0,5.99
266,kavieng,58,PG,1580273430,75,-2.57,150.8,84.63,8.23
267,altar,0,MX,1580273682,49,30.7,-111.82,55.99,1.72
268,camopi,80,GF,1580273682,99,3.17,-52.32,71.64,2.33
269,aksu,0,CN,1580273682,49,41.12,80.26,30.88,1.86
270,polovinnoye,0,RU,1580273682,95,54.79,65.99,-10.52,6.96
271,saint-ambroise,20,CA,1580273682,77,48.55,-71.33,12.2,8.05
272,bubaque,22,GW,1580273683,69,11.28,-15.83,76.41,7.83
273,khudumelapye,0,BW,1580273683,54,-23.88,24.75,74.1,7.81
274,muli,1,MV,1580273683,73,2.92,73.57,80.76,14.92
275,isla mujeres,54,PH,1580273683,40,15.89,120.3,88.79,3.76
276,alice springs,1,US,1580273683,33,27.75,-98.07,64.4,8.05
277,yerbogachen,100,RU,1580273459,90,61.28,108.01,11.7,3.11
278,kropotkin,100,RU,1580273683,80,45.44,40.58,42.84,10.42
279,springbok,77,ZA,1580273683,15,-29.66,17.89,72.25,3.71
280,guilin,0,CN,1580273656,51,25.28,110.29,59.0,11.18
281,richard toll,90,CA,1580273684,92,52.7,-107.67,21.2,3.36
282,hvolsvollur,0,IS,1580273684,94,63.75,-20.22,15.01,6.44
283,ihosy,65,MG,1580273684,73,-22.4,46.12,74.01,4.83
284,cabo san lucas,75,BR,1580273684,74,-8.28,-35.03,82.4,8.05
285,hami,0,CN,1580273684,68,42.8,93.45,15.8,1.16
286,ongandjera,10,NA,1580273684,33,-17.88,15.07,76.82,4.83
287,nueva loja,75,EC,1580273684,78,-1.72,-79.83,80.6,3.36
288,omboue,49,GA,1580273684,93,-1.57,9.26,76.37,0.94
289,port-gentil,13,GA,1580273425,77,-0.72,8.78,82.0,5.53
290,kununurra,40,AU,1580273651,42,-15.77,128.73,102.2,9.17
291,palembang,75,ID,1580273404,79,-2.92,104.75,84.2,8.05
292,caravelas,100,BR,1580273685,87,-17.71,-39.25,79.38,11.65
293,atasu,0,KZ,1580273685,91,48.68,71.64,-0.08,3.15
294,bonavista,100,CA,1580273685,88,48.65,-53.11,28.99,4.0
295,wana,0,PK,1580273685,49,32.3,69.57,30.6,5.68
296,san matias,100,ML,1580273510,6,13.3,-4.9,67.39,7.83
297,kjollefjord,0,NO,1580273685,56,70.95,27.35,15.8,19.46
298,villamontes,73,BO,1580273685,65,-21.25,-63.5,73.08,1.43
299,gimli,98,CA,1580273685,94,50.63,-96.99,14.0,5.01
300,plettenberg bay,90,DE,1580273686,93,51.22,7.88,39.99,16.11
301,vysokoye,90,BY,1580273687,94,52.37,23.37,34.0,4.47
302,makasar,20,ID,1580273687,63,-5.14,119.42,91.4,10.29
303,saint-joseph,9,RE,1580273687,61,-21.37,55.62,81.0,8.05
304,oda,75,JP,1580273687,62,35.18,132.5,51.8,16.11
305,saucillo,0,MX,1580273687,31,28.02,-105.28,48.54,1.01
306,kizhinga,41,RU,1580273687,73,51.85,109.91,14.41,1.3
307,barnstaple,40,GB,1580273687,81,51.08,-4.06,45.0,18.34
308,manpur,40,IN,1580273687,63,22.43,75.62,64.4,7.54
309,husavik,90,IS,1580273688,92,66.04,-17.34,23.0,5.82
310,kishi,100,NG,1580273688,16,9.08,3.85,65.97,4.54
311,paranaiba,0,BR,1580273688,91,-19.68,-51.19,70.63,5.61
312,birjand,0,IR,1580273688,68,32.87,59.22,24.8,4.7
313,cabedelo,75,BR,1580273688,83,-6.98,-34.83,78.8,6.93
314,prince rupert,90,CA,1580273688,92,52.97,-108.38,21.2,3.36
315,junin,22,AR,1580273688,87,-34.58,-60.94,69.01,5.01
316,manokwari,97,ID,1580273688,70,-0.87,134.08,82.67,8.99
317,jiuquan,5,CN,1580273688,31,39.74,98.52,27.01,1.43
318,balkanabat,5,TM,1580273688,31,39.51,54.37,46.74,14.12
319,diebougou,100,BF,1580273688,10,10.97,-3.25,66.31,6.4
320,syamzha,100,RU,1580273689,95,60.02,41.06,8.29,5.79
321,lompoc,1,US,1580273406,58,34.64,-120.46,59.0,9.17
322,artvin,75,TR,1580273689,61,41.17,41.83,46.4,13.87
323,muzhi,53,RU,1580273520,83,65.37,64.67,-15.88,5.77
324,gazojak,0,TM,1580273689,36,41.19,61.4,37.74,11.43
325,ridgecrest,1,US,1580273689,52,35.62,-117.67,48.0,3.36
326,mahebourg,40,MU,1580273689,78,-20.41,57.7,80.01,2.68
327,west plains,90,US,1580273689,65,31.8,-97.09,48.0,14.99
328,north platte,20,FR,1580273690,86,50.33,3.67,37.99,11.41
329,lazaro cardenas,50,DO,1580273690,92,19.46,-71.33,66.99,3.49
330,panaba,0,MX,1580273690,95,21.28,-88.27,70.45,5.23
331,flinders,20,AU,1580273470,51,-34.58,150.86,81.0,14.99
332,tuatapere,92,NZ,1580273690,83,-46.13,167.68,57.0,14.0
333,hadgaon,0,IN,1580273690,53,19.5,77.67,73.4,5.82
334,hede,100,CN,1580273690,76,33.77,120.25,37.58,21.68
335,spearfish,90,US,1580273690,63,44.49,-103.86,33.01,4.7
336,taltal,27,CL,1580273690,90,-25.4,-70.48,62.31,2.33
337,puerto carreno,90,ES,1580273677,100,36.59,-6.23,50.0,2.24
338,moen,20,NO,1580273691,56,69.13,18.61,21.2,21.92
339,ojinaga,1,MX,1580273691,36,29.57,-104.42,48.2,5.82
340,karratha,49,AU,1580273691,73,-20.74,116.85,86.14,13.73
341,kasongo-lunda,97,CD,1580273691,92,-6.47,16.82,69.01,0.16
342,fukue,75,JP,1580273691,71,32.69,128.84,53.6,6.93
343,zelenogorskiy,75,RU,1580273691,85,55.03,87.0,21.2,17.9
344,lucapa,100,AO,1580273691,93,-8.42,20.74,68.32,3.18
345,ternate,48,ID,1580273691,69,0.8,127.4,85.28,8.08
346,bundaberg,50,AU,1580273691,52,-24.85,152.35,90.0,10.29
347,ouegoa,86,NC,1580273691,74,-20.35,164.43,77.94,2.28
348,sistranda,75,NO,1580273692,80,63.73,8.83,36.0,17.22
349,nicolas bravo,67,HT,1580273692,70,18.23,-73.82,76.06,4.68
350,boundiali,67,CI,1580273692,15,9.52,-6.49,64.89,2.98
351,fort nelson,90,NL,1580273693,81,52.65,6.39,43.0,16.11
352,ostrovnoy,9,RU,1580273693,86,68.05,39.51,3.52,5.57
353,zhuanghe,100,CN,1580273693,48,39.7,122.99,32.27,11.32
354,tiksi,100,RU,1580273445,94,71.69,128.87,-10.05,6.46
355,haines junction,90,US,1580273693,69,59.23,-135.44,37.4,9.17
356,gat,75,IL,1580273693,93,31.61,34.76,53.6,6.93
357,kushnarenkovo,98,RU,1580273693,75,55.1,55.35,-14.8,4.47
358,tevaitoa,53,PF,1580273694,71,-16.78,-151.5,83.17,4.79
359,estelle,75,US,1580273688,77,29.85,-90.11,59.0,9.17
360,taksimo,99,RU,1580273694,93,56.34,114.88,-3.37,2.62
361,viransehir,90,TR,1580273694,65,37.24,39.76,44.01,5.1
362,juba,94,SS,1580273694,56,4.85,31.58,78.31,5.5
363,enshi,0,CN,1580273694,55,30.3,109.48,48.36,2.53
364,kholm,99,RU,1580273694,89,59.27,32.85,24.3,7.14
365,thinadhoo,37,MV,1580273401,75,0.53,72.93,81.09,16.33
366,coromandel,100,BR,1580273694,98,-18.47,-47.2,66.51,1.66
367,filadelfia,90,US,1580273547,55,39.95,-75.16,37.99,9.17
368,geraldton,0,AU,1580273695,54,-28.77,114.6,80.6,12.75
369,kismayo,67,SO,1580273695,76,-0.36,42.55,81.0,19.46
370,inhambane,0,MZ,1580273695,88,-23.86,35.38,69.8,6.53
371,svetlogorsk,100,BY,1580273695,93,52.63,29.73,31.53,9.31
372,mecca,81,SA,1580273695,64,21.43,39.83,69.85,4.43
373,necochea,100,AR,1580273474,89,-38.55,-58.74,60.01,17.0
374,igarka,98,RU,1580273695,96,67.47,86.58,2.05,7.31
375,kalemie,100,CD,1580273695,97,-5.95,29.19,63.99,0.94
376,zhicheng,0,CN,1580273695,45,30.3,111.5,62.01,4.83
377,bayburt,99,TR,1580273695,86,40.26,40.23,19.29,6.44
378,atar,0,MR,1580273696,25,20.52,-13.05,70.56,15.68
379,amahai,38,ID,1580273696,69,-3.33,128.92,86.05,10.29
380,puerto narino,90,ES,1580273696,100,36.59,-6.23,50.0,2.24
381,darhan,0,MN,1580273696,81,49.49,105.92,11.59,10.0
382,itaituba,74,BR,1580273465,97,-4.28,-55.98,72.01,1.66
383,puerto madero,90,ES,1580273677,100,36.59,-6.23,50.0,2.24
384,severobaykalsk,84,RU,1580273696,69,55.65,109.32,17.13,8.63
385,fortuna,20,US,1580273696,93,40.6,-124.16,48.99,3.36
386,collie,0,AU,1580273587,28,-33.37,116.15,84.0,10.11
387,tomatlan,0,MX,1580273696,94,19.93,-105.25,60.76,2.64
388,oistins,75,BB,1580273524,78,13.07,-59.53,78.8,17.22
389,hay river,6,GB,1580273697,85,52.07,-3.13,41.0,1.01
390,ilmatsalu,100,EE,1580273697,96,58.39,26.56,33.01,11.41
391,nyrsko,75,CZ,1580273697,86,49.29,13.14,34.0,5.82
392,barcelos,90,PT,1580273697,100,41.54,-8.62,57.2,14.99
393,porto walter,90,PT,1580273697,100,41.15,-8.61,61.0,14.99
394,lodja,90,CD,1580273697,80,-3.48,23.43,74.55,3.8
395,half moon bay,36,LR,1580273697,97,6.38,-10.7,73.94,2.82
396,alvorada,100,BR,1580273697,95,-12.48,-49.12,70.92,2.68
397,warwick,90,US,1580273697,55,41.7,-71.42,36.0,6.93
398,paragominas,58,BR,1580273697,98,-2.97,-47.48,72.36,2.44
399,guerrero negro,40,MX,1580273698,79,17.67,-100.0,51.62,1.34
400,parrsboro,90,CA,1580273698,86,45.4,-64.33,27.0,10.29
401,solnechnyy,100,RU,1580273699,80,50.72,136.63,14.7,6.89
402,innisfail,100,AU,1580273699,82,-17.53,146.03,77.0,1.99
403,vila franca do campo,90,PT,1580273469,100,42.03,-8.16,60.01,6.93
404,pimentel,100,PE,1580273699,29,-6.84,-79.93,66.2,13.87
405,ankara,75,TR,1580273582,93,39.92,32.85,37.99,2.24
406,aswan,2,EG,1580273699,41,24.09,32.91,54.45,13.67
407,mayo,90,US,1580273446,48,38.89,-76.51,42.8,4.7
408,aksay,75,RU,1580273699,100,47.26,39.87,39.2,13.42
409,seoul,1,KR,1580273675,42,37.57,126.98,50.0,5.82
410,alexandria,81,EG,1580273432,68,31.22,29.96,57.6,5.5
411,wilmington,1,US,1580273509,100,34.23,-77.94,37.99,0.72
412,palmer,90,US,1580273466,55,42.16,-72.33,35.6,8.05
413,kawalu,71,ID,1580273700,58,-7.38,108.21,87.13,4.74
414,anadyr,40,RU,1580273700,84,64.75,177.48,3.2,8.95
415,sai buri,98,FR,1580273700,87,48.74,0.03,42.8,14.99
416,ranong,20,TH,1580273700,58,9.97,98.63,86.0,6.93
417,pokhara,0,NP,1580273700,34,28.23,83.98,70.95,3.44
418,san carlos de bariloche,100,ML,1580273700,6,13.3,-4.9,67.39,7.83
419,grandview,90,US,1580273701,100,38.89,-94.53,30.99,5.82
420,aguimes,89,ES,1580273701,31,27.91,-15.45,64.99,5.82
421,yendi,91,GH,1580273701,13,9.44,-0.01,69.12,5.59
422,antofagasta,20,CL,1580273602,88,-23.65,-70.4,72.0,3.36
423,nanning,15,CN,1580273701,54,22.82,108.32,53.6,6.71
424,rawson,0,AR,1580273701,52,-43.3,-65.1,60.24,17.38
425,gomel,90,BY,1580273701,100,52.43,30.98,30.2,17.9
426,kaitong,59,CN,1580273702,85,44.81,123.15,13.55,15.46
427,hambantota,40,LK,1580273546,78,6.12,81.12,82.4,12.75
428,bairiki,75,KI,1580273702,74,1.33,172.98,86.0,2.24
429,monte patria,57,FR,1580273702,46,42.47,9.39,59.0,3.36
430,wanning,54,CN,1580273702,67,18.8,110.4,66.9,11.36
431,baracoa,36,CU,1580273702,77,20.35,-74.5,74.7,4.74
432,beihai,36,CN,1580273702,57,21.48,109.1,60.57,16.08
433,marsh harbour,40,GB,1580273702,86,53.65,-1.81,41.0,24.16
434,awbari,0,LY,1580273702,24,26.59,12.78,55.53,8.75
435,iracoubo,95,GF,1580273702,82,5.48,-53.2,80.04,17.81
436,torbay,90,CA,1580273703,92,47.67,-52.73,28.99,5.82
437,komsomolskiy,0,UZ,1580273703,74,40.43,71.72,37.4,4.32
438,cookeville,90,US,1580273703,87,36.16,-85.5,37.0,2.13
439,cascavel,81,BR,1580273703,87,-24.96,-53.46,67.06,5.61
440,wamba,62,NG,1580273703,16,8.93,8.6,67.39,1.99
441,hualmay,100,PE,1580273703,84,-11.1,-77.61,69.98,3.83
442,brawley,20,US,1580273693,31,32.98,-115.53,64.0,5.82
443,kandrian,78,PG,1580273703,89,-6.22,149.55,80.69,4.38
444,mercedes,30,AR,1580273704,69,-34.65,-59.43,75.99,7.0
445,sorland,20,NO,1580273704,80,67.67,12.69,30.2,5.82
446,rosarito,90,MX,1580273704,87,32.33,-117.03,60.8,1.97
447,bulawayo,12,ZW,1580273704,59,-20.15,28.58,72.48,9.24
448,bjerkvik,53,NO,1580273704,57,68.56,17.52,27.0,19.46
449,christchurch,36,NZ,1580273704,34,-43.53,172.63,82.99,16.11
450,avera,1,US,1580273704,100,33.19,-82.53,44.01,3.27
451,gary,90,US,1580273705,79,41.59,-87.35,32.0,2.26
452,wahiawa,1,US,1580273705,73,21.5,-158.02,78.8,4.7
453,yamada,100,JP,1580273705,94,39.47,141.95,43.83,13.58
454,luwuk,73,ID,1580273706,77,-0.95,122.79,85.19,13.22
455,talaya,100,RU,1580273706,98,61.38,152.75,-17.77,3.91
456,bocas del toro,0,CU,1580273706,83,21.07,-76.27,71.6,3.36
457,bud,90,US,1580273706,100,39.45,-86.18,33.8,4.76
458,akyab,2,MM,1580273706,47,20.15,92.9,75.69,10.4
459,kuliyapitiya,38,LK,1580273706,74,7.47,80.04,80.6,6.93
460,benavente,75,ES,1580273706,100,42.0,-5.68,44.6,4.7
461,tommot,0,RU,1580273706,88,58.96,126.29,5.81,3.2
462,iralaya,0,HN,1580273706,70,15.0,-83.23,78.19,11.23
463,kongolo,99,CD,1580273706,95,-5.38,27.0,68.63,2.51
464,port blair,100,CD,1580273653,92,-7.03,29.76,70.03,8.16
465,alghero,50,IT,1580273707,87,40.56,8.32,53.6,3.36
466,rey bouba,40,IR,1580273707,51,35.59,51.45,35.6,4.7
467,baherden,0,TM,1580273707,51,38.44,57.43,43.07,16.4
468,paamiut,63,GL,1580273707,57,61.99,-49.67,13.91,10.78
469,maxixe,0,MZ,1580273707,88,-23.86,35.35,69.8,6.53
470,bellegarde-sur-valserine,90,FR,1580273707,86,46.11,5.82,44.01,2.24
471,siuri,7,IN,1580273707,57,23.92,87.53,80.01,5.12
472,tucupita,1,VE,1580273707,98,9.06,-62.05,70.88,3.06
473,vila velha,90,PT,1580273708,100,42.03,-8.16,60.01,6.93
474,catamarca,49,AR,1580273708,69,-28.47,-65.79,81.0,1.99
475,bethanien,17,NA,1580273708,16,-26.5,17.16,76.44,0.83
476,port-cartier,5,CA,1580273708,83,50.03,-66.87,-11.2,5.82
477,esil,1,KZ,1580273708,93,51.96,66.4,-5.64,4.85
478,lesnoy,0,RU,1580273708,93,57.62,63.08,-10.73,6.73
479,santo antonio do ica,73,EC,1580273708,95,-0.59,-80.0,71.73,1.48
480,sabang,100,ID,1580273709,67,5.89,95.32,80.78,8.39
481,ketchikan,90,US,1580273703,81,55.34,-131.65,44.6,20.8
482,ankang,0,CN,1580273709,39,32.68,109.02,50.16,4.09
483,conde,75,BR,1580273709,83,-7.26,-34.91,78.8,6.93
484,taguatinga,98,BR,1580273709,93,-12.39,-46.57,70.61,1.63
485,belaya gora,100,UA,1580273709,81,49.03,25.77,36.0,3.0
486,shakawe,78,BW,1580273709,78,-18.37,21.85,72.95,2.55
487,windhoek,0,NA,1580273709,16,-22.56,17.08,60.8,2.24
488,kenora,90,CA,1580273436,85,49.82,-94.43,15.8,3.36
489,boone,90,US,1580273709,80,39.03,-92.33,30.99,4.7
490,vieux-habitants,0,GP,1580273710,94,16.06,-61.77,69.8,5.97
491,kruisfontein,92,ZA,1580273444,69,-34.0,24.73,69.96,10.92
492,worland,90,US,1580273710,79,44.02,-107.96,32.0,2.19
493,slavyanka,100,RU,1580273710,62,42.86,131.38,24.33,13.8
494,natal,40,BR,1580273710,83,-5.79,-35.21,80.6,6.93
495,petrolina,24,BR,1580273710,74,-9.4,-40.5,80.6,9.17
496,xichang,92,CN,1580273710,62,27.9,102.26,38.82,3.47
497,nueva italia de ruiz,75,EC,1580273681,78,-1.72,-79.83,80.6,3.36
498,teya,100,RU,1580273710,88,60.38,92.63,15.6,4.23
499,namatanai,13,PG,1580273710,73,-3.67,152.43,85.95,15.35
500,makakilo city,75,US,1580273710,61,21.35,-158.09,78.8,3.36
501,kannod,9,IN,1580273712,38,22.67,76.73,73.71,4.88
502,urumqi,37,CN,1580273712,92,43.8,87.6,25.0,8.95
503,nyurba,100,RU,1580273712,92,63.28,118.33,6.57,4.05
504,leninskoye,18,RU,1580273712,86,47.94,132.62,9.61,3.74
505,bintulu,75,MY,1580273712,79,3.17,113.03,87.8,10.29
506,shwebo,0,MM,1580273712,34,22.57,95.7,78.12,4.76
507,noumea,51,NC,1580273447,46,-22.28,166.46,89.6,17.22
508,puerto leguizamo,90,ES,1580273696,100,36.59,-6.23,50.0,2.24
509,ozernovskiy,98,RU,1580273712,89,51.5,156.52,25.38,2.91
510,meulaboh,88,ID,1580273452,76,4.14,96.13,80.53,2.84
511,cidreira,61,BR,1580273444,85,-30.18,-50.21,73.92,18.07
512,gumdag,11,TM,1580273713,53,39.21,54.59,42.76,13.58
513,arraias,100,BR,1580273713,94,-12.93,-46.94,69.44,2.33
514,manta,40,EC,1580273713,83,-0.95,-80.73,78.8,3.36
515,sao desiderio,5,IN,1580273713,50,20.51,76.21,71.94,7.25
516,sirjan,37,IR,1580273713,31,29.45,55.68,42.01,4.92
517,yuncheng,0,CN,1580273713,34,35.02,110.99,46.33,13.78
518,margate,33,GB,1580273713,71,51.38,1.39,39.99,13.87
519,yulara,40,AU,1580273432,20,-25.24,130.99,102.2,16.11
520,khandyga,14,RU,1580273713,97,62.67,135.6,-28.17,1.74
521,calabar,73,NG,1580273714,89,4.95,8.32,75.81,2.46
522,vanavara,100,RU,1580273453,93,60.34,102.28,16.36,2.62
523,kichera,94,RU,1580273714,73,55.94,110.1,12.13,2.1
524,pilar,20,BR,1580273714,83,-9.6,-35.96,77.0,3.36
525,manzhouli,0,CN,1580273714,87,49.6,117.43,4.93,2.57
526,pacific grove,90,US,1580273714,86,38.48,-90.74,32.0,3.36
527,tandalti,0,SD,1580273714,23,13.02,31.87,66.56,14.76
528,mount isa,40,GB,1580273715,86,53.66,-1.85,41.0,24.16
529,brae,10,GB,1580273715,92,60.4,-1.35,33.8,2.24
530,ampanihy,87,MG,1580273715,73,-24.7,44.75,77.11,6.69
531,carroll,90,US,1580273715,69,39.55,-77.02,42.01,8.05
532,borovsk,90,RU,1580273715,98,55.21,36.49,32.0,4.47
533,altay,100,CN,1580273715,95,47.87,88.12,10.33,4.81
534,bilma,100,NE,1580273715,8,18.69,12.92,61.66,7.34
535,huarmey,100,PE,1580273715,76,-10.07,-78.15,71.67,1.86
536,bilibino,100,RU,1580273715,99,68.05,166.44,-13.72,4.63
